000000000010111111
000000000011000001
000000000011001000
000000000011010011
000000000011100010
000000000011110101
000000000100001101
000000000100101001
000000000101001000
000000000101101100
000000000110010011
000000000110111110
000000000111101100
000000001000011110
000000001001010010
000000001010001001
000000001011000011
000000001100000000
000000001100111110
000000001101111111
000000001111000001
000000010000000100
000000010001001001
000000010010001110
000000010011010100
000000010100011010
000000010101100001
000000010110100111
000000010111101100
000000011000110001
000000011001110101
000000011010110111
000000011011111000
000000011100110111
000000011101110100
000000011110101110
000000011111100110
000000100000011011
000000100001001101
000000100001111011
000000100010100111
000000100011001110
000000100011110010
000000100100010010
000000100100101111
000000100101000111
000000100101011010
000000100101101010
000000100101110101
000000100101111011
000000100101111110
000000100101111011
000000100101110101
000000100101101010
000000100101011010
000000100101000111
000000100100101111
000000100100010010
000000100011110010
000000100011001110
000000100010100111
000000100001111011
000000100001001101
000000100000011011
000000011111100110
000000011110101110
000000011101110100
000000011100110111
000000011011111000
000000011010110111
000000011001110101
000000011000110001
000000010111101100
000000010110100111
000000010101100001
000000010100011010
000000010011010100
000000010010001110
000000010001001001
000000010000000100
000000001111000001
000000001101111111
000000001100111110
000000001100000000
000000001011000011
000000001010001001
000000001001010010
000000001000011110
000000000111101100
000000000110111110
000000000110010011
000000000101101100
000000000101001000
000000000100101001
000000000100001101
000000000011110101
000000000011100010
000000000011010011
000000000011001000
000000000011000001
000000000010111111
