000000000000000100
000000000000000000
000000000000100111
000000000000100001
000000000000101000
000000000001000011
000000000001001101
000000000001000110
000000000001010100
000000000001000100
000000000001101010
000000000001101100
000000000001101101
000000000001001111
000000000001011110
000000000001011111
000000000001011110
000000000001010111
000000000001011010
000000000000110100
000000000000111000
000000000000101001
000000000000100110
000000000000011110
000000000000011001
111111111111111100
111111111111111011
111111111111010101
111111111111011010
111111111111011011
111111111111000010
111111111110111111
111111111110111110
111111111110110111
111111111110101111
111111111110100000
111111111110100000
111111111110011001
111111111110100101
111111111110110110
111111111110100010
111111111110100000
111111111110101100
111111111110011111
111111111110111111
111111111110111101
111111111111001111
111111111111011100
111111111111101111
111111111111110110
000000000000001000
111111111111111111
000000000000001010
000000000000100011
000000000000101010
000000000000111001
000000000001000111
000000000001001100
000000000001011010
000000000001101001
000000000001010101
000000000001100001
000000000001100110
000000000001100001
000000000001101100
000000000001000111
000000000001101110
000000000001001001
000000000001001111
000000000001001011
000000000000110010
000000000000110100
000000000000101011
000000000000011110
000000000000000011
000000000000010100
111111111111110110
111111111111011100
111111111111100010
111111111111010001
111111111111001010
111111111110011000
111111111111000001
111111111110101110
111111111110101000
111111111110011101
111111111110100110
111111111110100111
111111111110011111
111111111110101100
111111111110100010
111111111110100010
111111111110100010
111111111110101110
111111111111000100
111111111111000101
111111111111001101
111111111111100001
111111111111011101
111111111111101111
000000000000000010
000000000000010010
000000000000011101
000000000000100111
000000000000110101
000000000001001000
000000000000111100
000000000001001000
000000000001100000
000000000001001101
000000000001100111
000000000001010001
000000000001011111
000000000001101011
000000000001100000
000000000001011101
000000000001100001
000000000001000010
000000000001001101
000000000001001000
000000000000111000
000000000000101001
000000000000011101
000000000000011101
111111111111111100
000000000000000011
111111111111101111
111111111111100101
111111111111100011
111111111111010111
111111111111001000
111111111110111110
111111111110111100
111111111110111111
111111111110101100
111111111110011000
111111111110001001
111111111110110000
111111111110001011
111111111110101010
111111111110101001
111111111110100010
111111111110110011
111111111110101011
111111111111001000
111111111111000000
111111111111010111
111111111111100110
111111111111100110
000000000000001011
000000000000000100
000000000000010100
000000000000010100
000000000000100100
000000000000111101
000000000000110010
000000000000101111
000000000001001001
000000000001001011
000000000001011101
000000000001100100
000000000001011010
000000000001100000
000000000001011010
000000000001011001
000000000001100001
000000000001100000
000000000001010110
000000000001010110
000000000001001110
000000000000111010
000000000000101010
000000000000011011
000000000000001100
000000000000001101
111111111111111110
000000000000001000
111111111111101001
111111111111001110
111111111111011111
111111111110110000
111111111110101111
111111111110110111
111111111110101100
111111111110110011
111111111110010011
111111111110010010
111111111110010111
111111111110011001
111111111110010000
111111111110100011
111111111110100000
111111111110011101
111111111110101010
111111111111000111
111111111111000001
111111111111001111
111111111111100101
111111111111101011
111111111111101001
111111111111111101
000000000000000110
000000000000011010
000000000000011111
000000000000111010
000000000000110010
000000000000111111
000000000001001101
000000000001100111
000000000001100010
000000000001100100
000000000001011100
000000000001101110
000000000001111000
000000000001110000
000000000001101001
000000000001100001
000000000001001101
000000000001010001
000000000001001011
000000000000111000
000000000001000011
000000000000101000
000000000000100001
000000000000001110
111111111111101100
111111111111110000
111111111111100111
111111111111100111
111111111111010011
111111111111000111
111111111110111111
111111111110110010
111111111110100101
111111111110011010
111111111110100100
111111111110100100
111111111110111000
111111111110100001
111111111110100101
111111111110011111
111111111110101011
111111111110110101
111111111110101001
111111111110101110
111111111111010001
111111111111011100
111111111111100000
111111111111011111
111111111111110111
000000000000010010
111111111111111100
000000000000001010
000000000000100110
000000000000110000
000000000000101110
000000000000111100
000000000001010010
000000000001001111
000000000001010010
000000000001101110
000000000001100100
000000000001100110
000000000001101100
000000000001100101
000000000001101001
000000000001011110
000000000001100111
000000000001001000
000000000001001000
000000000000111011
000000000000101001
000000000000100001
000000000000010001
000000000000001110
000000000000001001
111111111111110100
111111111111101101
111111111111011111
111111111111001110
111111111111000001
111111111110111000
111111111110011011
111111111110111011
111111111110100111
111111111110011111
111111111110010010
111111111110101111
111111111110011001
111111111110011101
111111111110100101
111111111110101110
111111111110100101
111111111110111110
111111111110111100
111111111111010011
111111111111010000
111111111111011000
111111111111011000
111111111111110001
000000000000000101
000000000000010011
000000000000010110
000000000000111111
000000000000011110
000000000000111001
000000000001010010
000000000001010010
000000000001010110
000000000001001000
000000000001100001
000000000001011100
000000000001100101
000000000001101101
000000000001100001
000000000001011100
000000000001100011
000000000001010011
000000000001000101
000000000000111010
000000000001000100
000000000000111001
000000000000101011
000000000000011010
000000000000000100
111111111111111101
000000000000000110
111111111111101001
111111111111100011
111111111111001100
111111111111001000
111111111110111111
111111111110110100
111111111110101100
111111111110100100
111111111110100100
111111111110101100
111111111110011100
111111111110011110
111111111110100011
111111111110100100
111111111110101100
111111111110110010
111111111110110010
111111111110110001
111111111111000101
111111111111001000
111111111111100000
111111111111101100
111111111111101010
111111111111111100
000000000000011011
000000000000010101
000000000000100000
000000000000100010
000000000000111010
000000000001001100
000000000001100010
000000000001100001
000000000001011101
000000000001101001
000000000001101101
000000000001100111
000000000001100001
000000000001111011
000000000001101100
000000000001001110
000000000001000111
000000000001010011
000000000000111001
000000000000110100
000000000000110001
000000000000010110
000000000000011010
000000000000000011
111111111111101111
000000000000000101
111111111111011011
111111111111100001
111111111111001010
111111111111010101
111111111110111011
111111111111000110
111111111110101001
111111111110101000
111111111110011100
111111111110101001
111111111110001011
111111111110010101
111111111110010101
111111111110100101
111111111110011101
111111111110101111
111111111110111001
111111111110110001
111111111111000110
111111111111010001
111111111111010001
111111111111100101
000000000000000110
111111111111111110
000000000000000011
000000000000011100
000000000000011000
000000000000101110
000000000000110110
000000000001001110
000000000001011010
000000000001011111
000000000001011110
000000000001010101
000000000001101110
000000000001101000
000000000001011101
000000000001011011
000000000001011100
000000000001100000
000000000001010111
000000000000111010
000000000000111011
000000000000110011
000000000000101111
000000000000100111
000000000000011011
000000000000001001
111111111111111101
111111111111111000
111111111111100111
111111111111010111
111111111111010100
111111111110111011
111111111110111001
111111111111000010
111111111110100000
111111111110010110
111111111110110001
111111111110011000
111111111110011011
111111111110101101
111111111110011001
111111111110011011
111111111110101100
111111111110101010
111111111110110111
111111111110111000
111111111110111110
111111111111010011
111111111111011110
111111111111011011
111111111111101101
111111111111101111
000000000000001111
000000000000011001
000000000000100001
000000000000101010
000000000000111011
000000000000111110
000000000001011000
000000000001001000
000000000001001101
000000000001110011
000000000001010011
000000000001011000
000000000001100111
000000000001100110
000000000001100110
000000000001011101
000000000001010010
000000000001001000
000000000000111101
000000000001001000
000000000000101101
000000000000101001
000000000000101100
000000000000001001
000000000000000000
111111111111111000
111111111111011010
111111111111100000
111111111111010101
111111111110111010
111111111110101110
111111111110101110
111111111110101000
111111111110010101
111111111110100001
111111111110010111
111111111110011110
111111111110010110
111111111110001000
111111111110101001
111111111110101111
111111111110100110
111111111110100100
111111111110111100
111111111111000011
111111111111001111
111111111111011101
111111111111010011
111111111111101010
