000000110000010001 000000000011001001
001101010011111011 000001100001011100
001011101100100110 001100011000111000
110110000110000110 001010011001010101
101111101000010110 110111000101001010
000001011010110110 110001001101011001
010000100101111001 000001001111111100
001000011000101101 001111000100100000
110110100111101110 000111110000111000
101101001100011110 110111001010011110
000001110101110000 101111001001110000
010000110011011101 000001011110000110
001010111011100000 001111011100101001
110011010111001001 001001110001110010
110000001111111011 110100101100010111
000000000000001101 110001011110100001
001111110111011001 000000000000101010
001001110111011111 001110011100010100
111000101101011010 001001001001000000
101110010011101110 111001001001100011
111111101011010000 110000000111011010
001110001010101101 111111011111010010
001001101101101100 001100111011110010
110111011110110010 001000110100010010
110010111001000111 111000010111101000
111111001111111101 110011111111101101
010000010011000011 111111100011100000
000110011111110101 001110100011001100
110110010011010111 000110000101001100
110010011110100100 110111000110111010
111111010111010001 110011100100001100
001111110000011011 111111100101111000
001011000101001010 001110011000101010
111000010001001110 001010001010010001
110010001010100101 111001000110001010
111111110011100000 110011011100110101
001111011010101001 111111111011101110
001000111000110101 001101111110011010
110111111100010011 001000001101011011
110100100110111101 111000110101000001
000000000111110011 110101100100110100
001110010011111000 000000010010111100
001001011101100101 001101000100100100
110011010001101001 001000010101010110
110001001011100000 110100100101010110
111110100100001001 110010001100000000
001110111111110111 111110110000110110
001001011011110000 001101100100001110
110111110011011110 001000101001011111
110001001000001011 111000100001000111
